039999999199999999999999999999999999999999999999999999999999999999999999999999999

303999999999999999999999999999999999999999999999999999999999999999999999999999999

930399999992999999999999999999999999999999999999999999999999999999999999999999999

993039999999999999999999999999999999999999999999999999999999999999999999999999999

999303999999919999999999999999999999999999999999999999999999999999999999999999999

999930399999993999999999999999999999999999999999999999999999999999999999999999999

999993039999999199999999999999999999999999999999999999999999999999999999999999999

999999303999999999999999999999999999999999999999999999999999999999999999999999999

999999930999999991999999999999999999999999999999999999999999999999999999999999999

999999999099999999199999999999999999999999999999999999999999999999999999999999999

919999999109999999999999999999999999999999999999999999999999999999999999999999999

992999999910999999992999999999999999999999999999999999999999999999999999999999999

999199999991099999999999999999999999999999999999999999999999999999999999999999999

999999999999109999999919999999999999999999999999999999999999999999999999999999999

999993999999910999999993999999999999999999999999999999999999999999999999999999999

999999999999991099999999199999999999999999999999999999999999999999999999999999999

999999919999999109999999999999999999999999999999999999999999999999999999999999999

999999999999999910999999991999999999999999999999999999999999999999999999999999999

999999999999999999019999999199999999999999999999999999999999999999999999999999999

999999999919999999901999999999999999999999999999999999999999999999999999999999999

999999999992999999990199999992999999999999999999999999999999999999999999999999999

999999999999199999999019999999999999999999999999999999999999999999999999999999999

999999999999999999999901999999919999999999999999999999999999999999999999999999999

999999999999993999999990199999993999999999999999999999999999999999999999999999999

999999999999999999999999019999999199999999999999999999999999999999999999999999999

999999999999999919999999901999999999999999999999999999999999999999999999999999999

999999999999999999999999990999999991999999999999999999999999999999999999999999999

999999999999999999999999999099999999199999999999999999999999999999999999999999999

999999999999999999919999999109999999999999999999999999999999999999999999999999999

999999999999999999992999999910999999992999999999999999999999999999999999999999999

999999999999999999999199999991099999999999999999999999999999999999999999999999999

999999999999999999999999999999109999999919999999999999999999999999999999999999999

999999999999999999999993999999910999999993999999999999999999999999999999999999999

999999999999999999999999999999991099999999199999999999999999999999999999999999999

999999999999999999999999919999999109999999999999999999999999999999999999999999999

999999999999999999999999999999999910999999991999999999999999999999999999999999999

999999999999999999999999999999999999019999999199999999999999999999999999999999999

999999999999999999999999999919999999901999999999999999999999999999999999999999999

999999999999999999999999999992999999990199999992999999999999999999999999999999999

999999999999999999999999999999199999999019999999999999999999999999999999999999999

999999999999999999999999999999999999999901999999919999999999999999999999999999999

999999999999999999999999999999993999999990199999993999999999999999999999999999999

999999999999999999999999999999999999999999019999999199999999999999999999999999999

999999999999999999999999999999999919999999901999999999999999999999999999999999999

999999999999999999999999999999999999999999990999999991999999999999999999999999999

999999999999999999999999999999999999999999999099999999199999999999999999999999999

999999999999999999999999999999999999919999999109999999999999999999999999999999999

999999999999999999999999999999999999992999999910999999992999999999999999999999999

999999999999999999999999999999999999999199999991099999999999999999999999999999999

999999999999999999999999999999999999999999999999109999999919999999999999999999999

999999999999999999999999999999999999999993999999910999999993999999999999999999999

999999999999999999999999999999999999999999999999991099999999199999999999999999999

999999999999999999999999999999999999999999919999999109999999999999999999999999999

999999999999999999999999999999999999999999999999999910999999991999999999999999999

999999999999999999999999999999999999999999999999999999019999999199999999999999999

999999999999999999999999999999999999999999999919999999901999999999999999999999999

999999999999999999999999999999999999999999999992999999990199999992999999999999999

999999999999999999999999999999999999999999999999199999999019999999999999999999999

999999999999999999999999999999999999999999999999999999999901999999919999999999999

999999999999999999999999999999999999999999999999993999999990199999993999999999999

999999999999999999999999999999999999999999999999999999999999019999999199999999999

999999999999999999999999999999999999999999999999999919999999901999999999999999999

999999999999999999999999999999999999999999999999999999999999990999999991999999999

999999999999999999999999999999999999999999999999999999999999999099999999199999999

999999999999999999999999999999999999999999999999999999919999999109999999999999999

999999999999999999999999999999999999999999999999999999992999999910999999992999999

999999999999999999999999999999999999999999999999999999999199999991099999999999999

999999999999999999999999999999999999999999999999999999999999999999109999999919999

999999999999999999999999999999999999999999999999999999999993999999910999999993999

999999999999999999999999999999999999999999999999999999999999999999991099999999199

999999999999999999999999999999999999999999999999999999999999919999999109999999999

999999999999999999999999999999999999999999999999999999999999999999999910999999991

999999999999999999999999999999999999999999999999999999999999999999999999029999999

999999999999999999999999999999999999999999999999999999999999999919999999202999999

999999999999999999999999999999999999999999999999999999999999999992999999920299999

999999999999999999999999999999999999999999999999999999999999999999199999992029999

999999999999999999999999999999999999999999999999999999999999999999999999999202999

999999999999999999999999999999999999999999999999999999999999999999993999999920299

999999999999999999999999999999999999999999999999999999999999999999999999999992029

999999999999999999999999999999999999999999999999999999999999999999999919999999202

999999999999999999999999999999999999999999999999999999999999999999999999999999920

